2103285
2102484
583769
1750738
1750733
2768027
2102787
1748806
1748511
2490176
588507
1488382
2103355
2812665
2444527
3574029
1795520
1795527
1399219
2100272
587872
1750629
1749937
1725690
2484455
1867450
3575385
3573316
2796366
2601857
2103002
2059087
2015579
1750887
1747899
1746043
1744123
1115756
450416
2809364
2432900
1754532
3575260
1440085
1566865
2028677
1748958
2945282
2814376
2814303
1042573
220516
3573503
2488081
2468160
2479753
2468144
2103343
2103397
1750980
1749854
1749832
1748269
1747806
1746372
1743770
1742830
1742005
1729642
1633328
1545449
1488372
1435052
1009323
870732
825821
47616
13129
2576894
25957
2815536
2813639
2336585
2271146
1933217
1867452
1748243
1747536
1674472
2814067
1750524
2103881
1750686
2813937
2784907
1750419
1743266
3569754
1751231
1748465
1667525
450885
2103567
1746522
3574329
3574360
1743092
1726308
2493604
1749527
1749329
2104299
3574031
3573181
3570248
3558010
3552575
3512472
3470834
3111970
2810060
2864404
2861830
2814232
2814228
2814061
2814018
2810982
2809031
2802132
2638829
2518865
2104621
2103135
1970196
1913173
1793211
1755861
1752774
1749147
1749183
1749127
1749148
1749146
1748910
1744070
1748759
1747860
1746266
1747190
1746999
1746380
1739620
1687694
1618586
1605760
1590077
1486811
1465998
1431530
1398193
1310927
1308832
1289332
1285391
1263164
1263157
1244719
1044538
1044554
1042707
1042426
1042886
1042589
1042620
926558
816318
638054
312698
159218
50078
2477157
1747278
2795789
3574893
2657754
2153181
1750092
1746705
1746456
2812373
2272221
1748173
2811958
1747438
1746868
3552731
3443574
1197956
172425
3571779
2814340
1750029
2682950
2432826
1867635
1750371
1749914
1749761
1749771
2834088
2814548
2814024
2814873
2814470
2814381
2814148
2814242
2813763
2813957
2813860
2102938
1645362
1491910
1430352
1236166
3523208
2698782
2103249
1746772
1236238
1748155
3574412
3573981
2290310
2285299
1813756
1750904
1750100
1750228
1750373
1745020
2477956
2475019
2468063
2102378
588109
33837
1750846
912649
3574458
3574960
3574406
3573906
3572971
3538946
3169658
3134867
3086638
2785655
2814428
2814147
2814383
2813866
2814066
2813800
2813255
2811658
2785489
2773964
2761478
2705722
2699263
2556066
2494240
2473700
2447224
2335981
2272765
2266787
2104606
2099958
2103168
2071744
2013384
1920668
1864438
1689863
1765452
1757016
1750850
1750714
1750367
1750225
1750129
1750038
1749820
1749629
1749338
1748990
1748963
1748873
1748609
1745672
1746765
1747048
1747052
1746608
1745692
1744955
1742603
1742150
1612701
1543406
1496377
1475288
1466139
1462858
1397875
1313107
1306825
1245952
1222080
1188425
1125985
1073916
1054186
1044459
778349
591194
281497
227630
171165
140097
101556
49708
54573
31917
2601
3573938
3573180
3574298
2812199
2804988
2484477
1751261
1750377
1750088
1749689
1749776
1746136
1273064
915574
587826
450475
3574234
1747822
3574848
2812552
1743117
588722
2487664
3564075
916608
1749722
1749804
1749876
1566331
265186
2804047
1744753
3574771
3572365
3567544
2974673
2813575
2806823
2698593
2293035
2270830
2104447
2102755
1900422
1749774
1749537
1745373
1247590
3620260
3574201
3570396
3020834
1748832
1545087
1472554
2483175
3574033
2272183
2795232
2105914
588771
3590335
3574444
3574102
3573869
3574008
3573850
3572740
3570900
3547445
3414734
3246814
3195294
3138307
3040400
2979675
2842555
2822518
2814547
2814543
2814472
2814307
2813861
2814012
2813703
2813811
2813571
2811901
2806779
2800880
2780366
2778622
2770590
2771064
2749773
2696191
2695655
2686061
1747722
2658918
2629306
2513847
2469641
2458999
2351458
2321642
2273152
2271784
2174669
2106771
2103391
2104766
2103995
2103508
2103112
2102539
2083287
2013687
1967698
1967059
1869698
1867678
1783924
1784663
1783926
1794722
1781681
1773732
1750209
1749821
1750688
1750638
1750672
1750185
1749884
1749811
1749508
1749179
1749098
1748932
1749083
1748966
1748894
1748865
1748752
1748518
1748562
1748421
1748236
1748268
1748218
1748208
