2748946
2744910
3614113
1797706
2560306
1256797
3607857
3607610
3044946
2273704
1954507
3330648
661616
3607553
1463675
3603187
3607616
3569040
1768243
1556475
513612
1706089
2262609
2865522
2769757
1739681
1712636
1627847
1229167
1214996
1208298
875561
755674
2281670
2904492
3608528
3551053
3534667
1905051
1844386
1768260
1716136
1419026
1400935
1380099
1229592
954949
677152
537685
465041
3210608
2904287
1722225
3571419
28303
1738311
1713656
1383412
42928
2904111
3535590
3077074
2386866
1972146
1844685
1634467
1619065
1327778
1310525
1253106
650080
3207870
3169841
3048735
2970216
2756767
2053629
1713750
1712074
1669704
1486835
1418315
1356580
1306707
1305011
1286274
1218260
1213343
223801
59490
345860
2187589
3190682
2902908
2278082
3013419
2625058
2628899
2316773
2259945
2225106
1844292
1838964
1758614
1716175
1591797
1524738
1465569
1361654
1256796
1213388
1197298
728317
537096
29355
1351343
2703240
1580358
2283370
2280709
2048105
2599975
2801019
2278865
1990957
2083300
1846459
1557608
1283471
1214844
990163
36710
877249
2742570
2606434
775866
2904399
1580147
3242464
2919209
2861058
2536690
2447090
1827124
1835958
1815087
1802276
1728033
1640269
1601092
1586020
1575524
1347028
1351088
1350733
1349070
1343553
1279797
1211235
549131
2905976
1343960
2323847
2801657
2731540
493743
774582
3593512
3078163
3048577
2437318
2420360
2389024
2083309
1810908
1715176
1580506
1416546
1336250
1282878
1257033
1193949
1044605
794090
349148
29162
2900690
933383
3241500
3170128
3052966
2824281
2770380
2589022
2269150
2014214
1856569
1837291
1802873
1747297
1725273
1713532
1444750
1431173
352052
221507
2902798
2266508
2030184
1773711
2376812
3323558
2994631
2984359
2977938
2472674
1966705
1660451
1858809
1831406
1673792
1619689
1514231
1404191
1349840
1367111
1323211
1280299
1207631
1230159
1207689
1188782
1052212
775317
366637
147162
3296328
3262953
3238256
3181252
3158877
3151137
2994457
2952451
2925524
2903418
2841712
2626708
2503543
2401398
2335247
2322827
2322681
2174775
2087606
1802313
1740784
1220875
830467
817033
2873001
3530125
3525827
2759648
1356350
3572650
3301416
3237857
2819421
2774589
2280439
2272206
2141047
1990948
1543868
1441993
1416278
1359271
1348730
1236730
1104288
940268
814397
775859
767155
2182077
2760837
3585577
3566029
3416829
3200010
3051703
2819862
2723284
2492147
2273322
2186776
1520845
1440018
1313667
1256037
1201720
1087335
530587
41754
1317422
2741818
2028898
1373039
1364694
3537953
3424641
3239981
3144202
2985446
2783775
2595482
2576850
2282039
1844103
1713732
1580637
1390520
1340300
1311366
1235187
924833
653212
634698
634689
1721881
3442146
2749492
2530022
2370865
2323399
2310517
2308458
2197123
1717346
1474522
1411720
1403221
1366426
1358171
1310117
1056843
880514
794985
1723648
2854284
1372428
1346713
3444433
2906278
2901161
2511369
2340337
2224176
2097008
1717185
1706781
1367404
827341
2940304
2160933
3559660
3585973
3363969
3235085
3090270
2902294
2742603
2389205
2365371
2337972
2288958
2017457
1714330
1712958
1251248
1330547
1251233
1223658
251653
2745914
3552953
2939410
2772651
2703996
2507019
2152803
2152805
1807345
1525363
793848
3086821
3238677
2930463
2668798
2331318
2336535
2319073
2272212
2261155
1723062
1206215
872248
817367
470758
1438119
1416840
3205109
3102401
3132103
2787645
2680378
2606451
2467923
2418204
2339412
1772179
1215404
15352
3374057
3604897
3138793
2987064
2872140
2528032
2342899
1364049
1366488
1358952
3179509
1370530
1364430
3583650
3566680
3441703
2905476
2897729
2746042
2705856
2593316
2145750
1478228
3243061
3526451
2909779
2711248
2511016
1903686
1840454
1740953
1721878
1287128
3541947
1402455
2768237
2631050
3542030
