2379831
427590
428447
1002352
2976439
3156342
2619451
2351046
1801615
1447098
955759
722949
340306
340305
120216
2297332
3361951
2807333
95958
2476704
135832
3052245
2574605
1220420
1748955
366061
2023199
2680333
2402967
1536350
849540
822326
428461
427572
427539
1922789
2723391
3361713
2225023
2004253
1994510
1360235
1078849
1057061
832165
427887
21421
3361983
2609926
313273
737380
60327
2073507
3589595
3582213
3506081
3410157
3006899
2650471
1648275
1539557
1133873
1113215
496256
476513
427936
427553
409288
403559
358561
250428
183823
34273
24203
2004673
2182798
2709076
244171
828388
3478399
3362026
355201
1816320
2913430
427281
3539730
3487571
3422889
3286544
3121381
2831412
2719559
2525240
2075969
2038654
1790961
610089
1155816
1000462
771319
755473
652577
647978
570120
552968
427581
427818
427035
276811
209196
128542
113369
58222
3066947
2974055
3398226
2298240
412629
72719
2371967
1133420
427538
427463
3467327
3395050
3050626
3045454
2921368
2773243
2716465
2675993
2566809
2460101
439015
2289155
2058796
2011370
1727875
1268813
945952
652792
470209
468880
427695
427550
359638
337291
287397
272055
163228
127791
106827
13343
3573818
2902320
2880360
2979339
3387072
3221206
3011517
2992551
2979748
2525153
2503552
2398767
2384604
2238710
2220608
2160807
2076419
1936057
1815236
1563820
1557855
1246951
1249505
1183101
1003254
961240
942939
924957
864188
803056
797529
785650
749146
737268
704550
625627
568246
459564
347497
276795
154389
123291
82531
24724
2479105
2133993
1987303
429158
427609
286178
109076
3229256
1760626
2246994
2609428
169803
3349288
2631139
1949853
1456735
1381903
574559
3494711
3382511
3358711
3356443
3224600
3218194
3064113
2878010
2779505
2657613
2638341
2617341
2513007
2277023
2280832
2229776
2212761
1920564
1913718
1899449
1883876
1853689
1824600
1619530
1428482
1381988
1141059
1029421
834685
826764
810673
775563
746752
618716
504335
427774
427676
427706
416421
215038
196643
170061
61314
61221
61222
61201
34908
2876617
3265213
3008996
19641
2694854
3237005
2641328
1905145
923325
178513
3506266
2609612
3378388
3362576
3293777
3248015
3125106
3068052
3034930
2846438
2791122
2785987
2708495
2607749
2501161
2468950
2467212
2395856
2342330
2249339
2228635
2172715
2127965
1995981
1750478
1466986
1430071
1370456
1299581
426868
1119131
1041250
1038434
1037496
983100
937282
936134
775251
726935
608187
569798
549114
326135
252542
146450
126521
50793
33121
3565766
3302785
2795758
1805114
1814954
1805194
329607
3065750
3036613
3572310
3537079
3524810
3520608
3466448
3358803
3354297
3347972
3311671
3194878
3127034
2991681
2901504
2896315
2760394
2717091
2713068
2709428
2641856
2633349
2502716
2430735
2273836
2135861
1837019
1800519
1796771
1253011
1142064
1115030
928016
812208
810912
728132
710182
474106
427559
427158
416708
312363
296584
243339
11686
3580977
3417461
2770662
267048
2554584
1811063
3274504
2005937
1954679
1775491
922832
611210
68593
2794082
1422222
323876
2273213
303063
3619665
3518198
3507038
3300786
3258220
3094136
3051320
2860179
2804912
2794468
2770246
2657055
2647634
2628573
2317569
2125688
2096408
1749114
1738134
1662767
1332027
1011106
1085905
1033543
892145
722914
658830
597305
597170
568141
549660
433429
419684
378541
226941
203785
199192
41437
17862
3630964
3333033
3190153
2714769
541160
145736
1165277
3284867
1385411
3489104
3073401
3573197
3529163
3511378
3436371
3326412
3213104
3212720
3055625
3049478
3044696
3025314
3016155
2936070
2898534
2867428
2813552
2765630
2686369
2641786
2581504
2526795
2454788
2445147
2429761
2319198
2208280
