2338019
3472997
199101
3583661
3583832
2042833
1476266
2033680
1349347
619531
1773163
1431980
817116
816942
3629294
3581611
2330644
1989406
440745
914939
423856
2418996
3566364
3185315
2971835
2542500
2460472
1840920
1659317
1214941
859917
1676297
1579126
3450223
2320664
952557
2735187
2673277
2458365
2088391
2077761
1968813
1879860
1259548
1200895
1129371
1091582
790861
644263
140369
108265
2053285
2046553
2020854
3109067
2901500
2217021
3558967
3167306
3121913
2764036
2390698
2357616
2272350
2122660
1903516
1859267
1161264
947370
881932
822395
790347
746776
681765
658927
476388
171334
1656619
3555199
3201151
2786528
2357474
1697634
1649331
1360886
1265574
1264813
938066
932027
877849
856805
842603
554064
253008
3507227
1658138
1613049
777691
2278332
198516
825125
3629142
3221642
3199547
2599418
2396956
1567240
1471013
1433205
974599
715497
684494
644145
642131
575669
442838
1773240
2845713
3630350
3625151
2513924
2146911
2029189
1920023
1286520
3138584
3362232
3258010
3096846
3047847
3005352
2668586
2465656
2276409
2233173
2109628
2068365
2039045
2034375
1960366
1948661
1762538
1739703
1743393
1719065
1443781
1401228
1394928
1303410
532763
460682
325153
127492
71863
76092
2379227
2360623
3294963
3174921
2160964
1555974
2302295
3476205
3292433
3185542
3149200
2753716
2651274
2443695
2403804
2274282
2203290
2157086
2019574
1857571
1852247
1821291
1629187
1237510
930301
893708
859143
670464
645189
578626
3575485
3099208
2614603
2436290
2158004
2350987
2005133
174271
3523603
3340029
3279491
3122768
2666570
2455791
2387263
2160544
2138003
2073648
2064043
1983489
1927218
1902505
1892064
1705684
1553817
1458743
1287393
1287301
1132029
1089555
967474
898456
792958
731400
700433
3455869
3398181
2129606
2006907
3563418
3502350
2039313
3630589
3621170
3301914
3296505
3100694
2896498
2853491
2760141
2628221
2558360
2458068
2352705
2335487
2203040
2038804
2018795
1995447
1970357
1965680
1936439
1813632
1809306
1702740
1669405
1468495
1442613
1313857
1253493
957416
674317
567867
550939
128890
3151448
3101642
1845830
1672528
3566040
2819479
2235848
2022901
3607985
3285204
3277499
2901802
2889342
2665052
2578055
2545775
2528316
2526555
2305455
2053711
2040108
1970652
1879838
1841629
1755327
1736377
1663579
1643190
1494803
1200320
1392497
1230211
1197421
1125841
1119667
1099811
1083950
857167
825105
519244
446508
284322
193862
2335503
2719970
1252009
3620945
3607982
3586516
3465899
3393292
3370881
3331490
3243379
2982823
3096878
3076094
3071936
2694880
2507320
2454157
2422361
2403183
2273100
2247499
2130927
2035496
2031954
2026216
2004597
1967900
1903540
1892913
1783978
1748196
1699003
1545317
1415541
1394976
1311420
1270627
1258108
1186158
1168068
1072240
990795
883978
863386
806078
672874
454827
334714
219199
236809
219434
2446689
1678877
1567497
2451841
3481049
3445734
3403471
3291079
3194053
2668644
2461283
2436560
2196660
2146164
2144550
2060160
2039209
2021519
1893207
1809024
1796865
1514791
1465317
1355705
1331567
1205675
1171773
1157472
973489
953614
949802
740384
735695
718015
333584
276150
137710
125495
116875
116870
3564385
2485118
3559478
3431567
3371188
3364516
3316237
3313347
3301995
3301470
3267968
3223265
3188965
3185150
3046426
3029847
2889541
2875463
2856453
2836729
2640367
2469819
2448936
2447716
2447656
2418455
2366103
2281469
2226505
2163469
2151056
2115136
2092789
1964348
1902767
1719188
1699931
1562764
1367469
1300031
1253066
1214226
