1471827
2949344
355930
2365332
2086481
1286816
1790432
2688328
2000600
1565322
1825204
1690174
1913643
1807119
1909811
1226774
1541441
1957082
1524629
3357794
2825568
2632893
2589341
2326689
2071099
1809922
1767988
1636674
1303369
1289973
824761
748837
381114
1494273
2013715
1743853
1711466
2796102
1428800
3074031
2784506
2552899
2312457
2239051
1990887
1958069
1902089
1896747
1860510
1803549
1681285
1561455
1507828
1203485
854152
754069
392211
288740
30646
3293936
1989707
2507130
2550659
2310122
2155452
2053613
2039043
1978720
1928172
1923356
1821345
1773172
1692979
1675527
1663762
1580525
1478202
1314927
315412
249222
233791
1946110
1600717
2486697
1580254
1530549
1478353
2233708
1612855
2723415
2559089
2483721
2282638
2241812
2132952
2083670
2064959
2059379
2046005
2028537
1972707
1904975
1826488
1815762
1797710
1782758
1768709
1689678
1682346
1676716
1674615
1619784
1624675
1394214
1375591
1301095
1256247
1211773
857112
555873
268338
2232724
2062998
2051145
2525704
2170775
2799256
3384016
3192953
2824996
2522260
2266591
2265367
2062467
2044075
1977650
1960578
1949711
1912684
1819531
1783855
1743015
1684322
1598580
1612933
1531335
1532098
1526149
1507287
1492537
1490419
1486901
1442160
1438434
1264413
1160942
1099795
982476
830361
785289
758196
663318
470103
1582696
494314
1283053
2949533
1803358
1716130
1515375
821575
3388152
3137515
2846866
2799709
2726192
2708611
2581984
2498430
2442762
2392519
2316408
2297212
2148723
2135724
2117084
2092632
2100692
2096849
2080819
2079430
2062455
2061409
2051631
2001814
1997518
1997517
1982502
1956300
1915265
1891100
1860719
1804653
1782344
1781287
1690058
1675201
1664686
1637609
1638554
1620714
1561913
1520641
1418010
1229647
1191667
1105504
971813
896370
830272
515199
471056
366492
362924
303025
218129
63216
3234662
2032676
2989337
2169413
1966110
2818676
2808336
2740660
2691430
2633734
2586982
2578806
2483792
2406480
2397172
2376468
2307209
2216156
2197889
2105206
2102477
2033214
2009887
1897131
1829662
1807196
1753670
1674585
1618947
1612692
1592571
1492253
1503450
1429114
1427883
1142100
1094879
1062390
969695
849267
843481
808429
633265
597771
553054
532486
520471
520462
508065
477451
1951913
2695791
2355319
2193568
1786553
2026614
1299680
1584607
741753
479028
412654
1782087
3606726
3397548
3137535
2668912
2540879
2396440
2303861
2220653
2150592
2150558
2149117
2149097
2112741
2107552
2079788
2062284
2027671
2012030
1994399
1990041
1983865
1951904
1947412
1894475
1883476
1847137
1821450
1793279
1787959
1743625
1692880
1688319
1681566
1672535
1669669
1666626
1614352
1605652
1541805
1504971
1486910
1480450
1474914
1402674
1211182
1147517
1122067
958016
927663
794769
718795
638316
556190
435238
217471
75852
2355252
1595042
3378476
2525987
1669919
1790962
1776473
1390350
1288242
701163
2365275
1624202
3588760
3557940
3509620
3497621
3452831
3291125
3074034
3031402
2709523
2558532
2519069
2390129
2362306
2310351
2308527
2232201
2197572
2186188
2148913
2060558
2044080
2018076
2003538
1985089
1962599
1806438
1796052
1769993
1766943
1711400
1682543
1645345
1645234
1625246
1540670
1496892
1489011
1475153
1422921
1398399
1377851
1321143
1308345
1305918
770581
685278
178893
2688504
1914007
2859928
2291315
1989977
2682171
644616
3581486
3265449
3177027
2979384
2930623
2441111
2708958
2709165
2694882
2679818
2580883
2540676
2317436
2284244
2229203
2192990
2180720
2138458
2131194
2101956
2089690
2077248
2069481
2049312
2009674
1970291
1968338
1950491
1935851
1919709
1862267
1842035
1817879
1753033
1748350
1739630
1688285
1579589
1571470
1542512
1542179
1518434
1459090
1441148
1398688
1333474
1155328
1128702
1024703
913495
846401
813338
796643
566084
555331
472469
385428
219116
