1898182
1369631
2159379
593292
1746508
1746481
3151364
1800500
1539167
1621131
651718
1878587
1840321
1622029
1496685
1387471
1275827
625096
2580335
2258679
1889132
1746476
1746500
1746454
1315614
1047858
521069
384065
237706
1817731
2060416
1749169
1602877
1479188
1368215
1295039
1228351
534695
694125
300140
284871
272400
257404
1355493
2676371
1838390
1719844
1281949
1208161
3489534
1938730
1354567
3549476
3579235
2898070
2290764
1849775
3293341
2969915
2534598
2481016
1962841
1124074
3405485
3548774
3181071
3153237
2956300
2919880
2919947
2909732
2826869
2802943
2614490
2582583
2551085
2420782
2316725
2306109
2077179
1982687
1940140
1812049
1780706
1714727
1618336
1415709
1528691
1524014
1506093
1505916
1475006
1436006
1435987
1435978
1427671
1343350
1330034
1328849
1292524
1273170
1270736
1270366
1246209
1233493
1208877
1155365
963336
694991
646462
626324
568811
320199
284561
272962
18607
3187106
2431007
2054438
1897844
1849634
1506111
945366
857751
1092026
2569886
1496449
1309827
3586930
2833798
1878865
1587683
1425887
1394578
1881616
2380823
1322582
1751850
1724198
1714808
1692898
1602555
1248324
384104
2363222
2093650
2077087
2069121
2061392
2050644
2041282
2026183
2015936
1999550
1776165
1723730
1623561
1571147
1246122
1405969
1096738
2021012
667678
3580416
3313914
3308455
3281520
3276991
2920193
3105023
2999963
2927973
2897978
2877173
2817570
2368547
2590203
2576703
2575924
2537192
2512134
2304668
2296278
2217851
2182100
2109961
2106315
2008299
1890794
1734976
1721698
1691854
1574479
1572259
1557253
1521233
1498611
1486332
1456399
1444545
1442263
1394292
1335695
1348090
1344049
1342516
1320079
1291972
1295371
1291982
1291990
1271756
1268829
1266623
1261067
1247757
1247451
1237047
1231739
1231487
1231421
1225402
1225408
1224147
1210912
1206387
1195961
1186857
1183848
1099098
647246
1005381
1005199
991923
823923
807857
779248
779250
633788
657232
638115
405493
291109
224840
213293
151849
132076
19751
3430088
3541403
2930988
2658697
2590132
2209952
1858229
1825509
1607279
1341470
1234700
892116
887656
865165
464202
119225
149824
3313005
1186812
3066287
1622706
2876824
3632100
3202412
2095718
2000847
1715830
1326183
1597414
1329644
3442080
3269063
3243316
3092199
2893134
2892270
2856241
2358096
2357687
2056946
1773457
1624050
1557943
1547195
1545199
1460301
1349973
1323838
1245758
1147041
436030
164380
36838
2780776
3184408
2913275
2529956
2751115
2098399
2150251
2147208
2103925
1932881
1874649
1726190
1680650
1661299
1625073
1621455
1303658
785669
576656
540289
1902726
3308195
2759763
2473043
2121516
3548289
146798
3532437
3514367
3370584
3492822
3463675
3462024
3390554
3314505
1992862
3199476
3177105
3162899
3107671
3082957
3056292
2990200
2975498
2965321
2944965
2915896
2906915
1844465
2905646
2889059
2890928
2883630
2860598
2829338
2589877
2583644
2580600
2550320
2502093
2438323
2437825
2394729
2352282
2329716
2295698
2289846
2220037
2172432
2166033
2159218
2145409
2110336
2106670
2105301
2082360
2057524
2018687
1989999
1975100
1925519
1883520
1872170
1871254
1844266
1823911
1098404
1324743
1231373
1757236
1737618
1714547
1692786
1692285
1687166
1658505
1627507
1550157
1542621
1538859
1521428
1520868
1510511
1272627
1495595
1489627
1485435
1477514
1475529
1452068
1441557
1414514
1411504
1378694
1368630
1333965
1362818
1348990
1343034
1339964
1336618
1291853
1288702
1272835
1270351
1258635
1257356
1257000
1245085
1240809
1235046
1231391
1224649
1215247
1214615
1195453
1195397
1023877
974993
908978
858742
756211
731997
730569
710418
619952
434997
403398
382894
346538
276338
176157
267651
151860
151850
3340837
3270667
3188914
2878461
2829079
2725307
2266518
2554438
2518692
2240988
1952721
1834709
1750238
1722939
1519860
1355619
1348021
1329442
