1560946
1357018
1747070
1632294
1283981
1988082
1487390
1988258
1564250
1457780
1290580
1492624
1316003
1436545
1345959
1390733
1541356
1419728
1497938
1774562
1757361
1346879
2188915
1751859
2015204
1625289
1265668
1728498
1397480
1492894
1378172
1238257
1728448
1818812
1743216
1855113
1837815
1492122
1397221
1325213
1942830
1822817
1710833
1579650
1570272
1559543
1402324
1564920
1968428
1634078
1429867
1242966
1199744
1999296
2085033
1449111
1786359
1713383
1491525
1468630
1447263
1625161
1463691
1415444
1757860
1243827
1479130
1423880
1539040
1426420
1654696
1466684
1283957
2005149
1601320
1573701
1556166
1451180
1443990
1343883
1970743
1925572
1531857
1347349
1352418
1639367
1542975
1509044
1271681
1433723
1423523
1461153
1895096
1697415
1292776
1255363
1366027
1461334
1447285
1388547
1547783
1498347
1279447
2057836
1708523
1689611
1670080
1658810
1630966
1607803
1578754
1575636
1572050
1345020
1447024
1449039
1415525
1384165
1352345
1349306
1313774
1276195
1667827
2226960
2117985
1896196
1478791
1737197
1669508
1546625
1462002
2048086
1726785
1635924
1623712
1539597
1464508
1252310
1563254
1473867
1471071
1334210
1760288
1666485
1687743
1658185
1631883
1545061
1506645
1452332
1478870
1457328
1450158
1446408
1439461
1432885
1422476
1390245
1388369
1341502
1331069
1318020
1292904
1275888
1215988
2016430
1851377
1835472
1781206
1676070
1587623
1356012
1450906
1447391
1421850
1417131
1389337
1375773
1344703
1437447
1958589
2529047
2355614
2047755
1317328
1998048
1962012
1637807
1522717
1506824
1473751
1333900
1375558
2056166
1593254
1450351
1387980
1278390
1196309
1199526
1885746
1850220
1686042
1657765
1595277
1588599
1587656
1585848
1503955
1458887
1448458
1443367
1442029
1443058
1438220
1434130
1420032
1416547
1391601
1375779
1367677
1342310
1274025
1819024
1565381
1921437
1316106
1558977
1592071
1491396
1582170
1537672
1507386
1438874
1344488
1297231
1333694
1309309
1257711
1257906
1257909
1771022
1219690
1343095
2597586
2434206
2221777
2089204
2049969
1895331
1903296
1786703
1840522
1829183
1821462
1806058
1806651
1776098
1768079
1720271
1704154
1703823
1700687
1653599
1697867
1672846
1668206
1665460
1659276
1658283
1646666
1643065
1345719
1637154
1635960
1627206
1626215
1624115
1593048
1573243
1571716
1568619
1472462
1548736
1539133
1536395
1533697
1528156
1526193
1525914
1515852
1509756
1494090
1494365
1492349
1489263
1484972
1481375
1477638
1476073
1472632
1307384
1466117
1463290
1454365
1446665
1445605
1451313
1447344
1446581
1442084
1441704
1439442
1438896
1438640
1436654
1433976
1433918
1426872
1415768
1418176
1418457
1418340
1415769
1405901
1392553
1382809
1379985
1378711
1366617
1349051
1359539
1358571
1350019
1346652
1341732
1333993
1330002
1330136
1327660
1327124
1327017
1299358
1280187
1280052
1276879
1275618
1274028
1263134
1262746
1256255
1240956
1351877
2040485
2023440
1996029
1737660
1639000
1633808
1547358
1475843
1461360
1450443
1416145
1404283
1367179
1354555
1340157
1326946
1815316
1997872
1390067
2041960
2018306
1981626
1881202
1807141
1686435
1587564
1326339
1429008
1433313
1470433
1360258
1211106
1382760
2289669
1298979
1803828
1769082
1714515
1614978
1509711
1495870
1451498
1444448
1441550
1289913
1236074
1688564
1331663
1815840
1738857
1715430
1659205
1642020
1634975
1582407
1567593
1542103
1507516
1473532
1452542
1437847
1429527
1398808
1317378
1239359
1788415
1598654
2034615
2042104
1722862
1655703
1607252
1573448
1593320
1582132
1514794
1541378
1438150
1599789
1589763
2973775
2586117
2112633
2092314
2081256
2048565
2029849
2021128
2007817
1989116
1951639
1895730
1895860
1835475
1820500
1819398
1813777
1808860
1806861
1779807
1777061
1770645
1772077
1595039
1757036
1745860
1740334
1739295
1734182
1723271
1724059
1715313
1718137
1718081
1714807
1696804
