1596301
1540730
1491082
1273860
1259204
1243470
1242737
2704766
1984011
1759227
1298748
1245135
1243405
1488321
3089523
1830507
1497938
2022094
1850134
1819398
1651748
1609250
1596740
1596207
1542157
1490617
1330805
1330071
1257020
1257017
1243102
1242557
1241662
1238280
1232497
87736
1335953
1380185
2803269
1531940
1496373
1416499
1238571
1960917
1849131
1844640
1799494
1606301
1470347
1422028
1420946
1410914
1388144
1302924
1231715
1231636
1200220
177496
86825
2542118
1560380
1340757
1233485
1721903
1600308
1480373
2336319
1855116
1799513
1785788
1596857
1539533
1492867
1397117
1370093
1244119
1232725
1231612
1226999
1004874
964210
1767675
1309669
171003
1798824
1600130
3053866
2727448
2276053
2039752
1924755
1920957
1771885
1728183
1623492
1599428
1538848
1537983
1522605
1521364
1496217
1419488
1400503
1400002
1310394
1294866
1250539
1247988
1243312
1242683
171137
114439
1854264
1635139
2607606
1855335
1421266
3265433
1973337
1814119
1774357
1688958
1611052
1544215
1542015
1538975
1504184
1478967
1420427
1417507
1417147
1392605
1360216
1351508
1328885
1307434
1253933
1242765
1242919
623553
1478300
1379266
2857908
2551812
1910074
2027666
1990028
1834642
1833132
1831372
1828799
1826410
1826764
1825968
1791406
1690966
1600129
1596699
1573810
1570328
1551124
1510868
1497053
1479103
1463222
1373576
1367292
1332658
1298761
1279960
1279955
1277315
1273864
1261559
1246314
1239455
1238890
1236705
1232451
1225824
151471
77330
37009
15966
2396085
1836828
1757379
1756967
2479819
1851349
1821922
1761270
1560333
1299063
3025326
2157244
2113093
1803406
1375776
1757308
1620661
1599730
1542948
1539953
1516083
1476900
1463701
1423358
1418216
1379912
1353347
1302414
1328247
1312050
1299470
1298918
1299243
1285756
1273926
1253918
1250489
1242213
1242915
1238759
1228536
1236144
1231723
1219691
873795
589189
2607687
935226
1720706
1538285
1512900
1773890
1296101
2964833
1855362
1609445
1242618
1854772
1856166
1760810
1588765
2955802
2612896
2297715
2273928
1912514
1899141
1827437
1809928
1798084
1752423
1689551
1676583
1670999
1670231
1624210
1621945
1601142
1600131
1596743
1596667
1557877
1556551
1518121
1452502
1417255
1417052
1379782
1368272
1366028
1362477
1304290
1301812
1299141
1299456
1299472
1292251
1259215
1242280
1239076
1234090
1231755
1180737
968059
931145
645226
518781
465849
427400
411810
302067
169211
137686
135762
77739
35377
15405
1827420
1258164
169652
3227937
3108599
2364518
2225329
2174172
1951457
1918274
1901276
1901152
1896148
1867250
1838894
1830531
1778795
1772919
1769456
1751555
1750244
1728661
1717133
1617986
1600276
1599569
1597935
1596535
1592301
1590228
1540602
1538645
1538249
1517612
1512408
1510892
1481597
1479137
1433406
1397936
1416903
1308641
1363580
1326241
1313697
1301621
1297095
1295165
1281329
1273049
1240686
1259225
1248111
1240588
1233596
1225840
1218790
1065920
198248
2195317
1264754
2103036
1897367
1903320
1855832
1298601
1253912
3446938
3089572
2979197
2896881
2470196
2376971
876040
1957198
1950891
1907168
1882525
1846943
1833681
1824915
1786372
1784086
1765686
1744958
1672042
1668622
1653691
1630569
1599339
1596475
1569241
1545535
1541861
1540975
1538422
1527341
1521330
1503504
1497076
1472814
1461515
1396628
1439892
1438499
1425538
1416126
1400824
1386090
1382812
1349198
1330806
1305710
1304117
1299962
1256334
1253998
1250295
1242724
1231781
1231658
1224857
912823
799298
542547
518765
246331
173443
173099
145138
14186
12604
3056484
1575260
2979217
1803510
1799054
1507312
1439073
1239636
492249
1526000
3603716
2879964
2139482
2052577
1426816
1961339
1951987
1950868
1925034
1856079
1831458
1824464
1818622
1804564
1794535
