1592998
620989
1601509
1870472
1515892
1739707
1606677
1282747
1224228
2166946
2235369
1670429
1599545
1593645
3173758
662171
3059741
2602864
2405589
1745214
1725504
1706765
1595138
1747162
1323917
2020032
1802187
3036520
2392366
2244368
1599582
1543419
1375807
933429
910539
808216
1590622
3385247
2431736
1601536
1250780
2580979
2404826
2001860
1837364
1679730
1638682
1619122
1615937
1606703
1602441
1601328
1601313
1599612
1593658
1585401
1591348
1351329
1305703
1159762
879593
1260760
2478296
1581746
2085998
573817
3030705
2891177
2662956
2590870
2079534
2055284
2010808
1947092
1903291
1650791
1648632
1604224
1602718
1602877
1601419
1510324
1491070
1417144
1266580
539969
1590594
3377813
3320555
2777222
1500308
2258693
2044174
2146443
2105238
2081682
1859874
1803768
1749100
1665019
1627318
1604544
1592436
1601810
1601670
1601240
1593547
1563305
1232162
1214734
1210287
1173734
1097637
1075090
600470
3135457
2106154
2168363
3285807
3220593
3190158
2905036
2834082
2687450
2599532
2469172
2151931
2001147
1777891
1643318
1638443
1603073
1628265
1621221
1619948
1601569
1594148
1594303
1575497
1545971
1528169
1376161
1351270
1331215
1292845
1285670
1265497
160113
48441
2432655
2049217
1894783
1355691
2588378
1299381
3235386
3227349
2896403
2889539
2640811
2393789
2193875
2148463
2143747
2121505
2088543
2033481
2012987
1814683
1619389
1603560
1601896
1601092
1496682
1413818
1343408
1296886
447039
205234
2695293
2405424
1933762
896212
3622774
3031488
2719385
2533106
2442929
2432210
2405991
2257248
2004269
1894475
1813681
1653292
1637613
1628501
1627784
1605187
1601705
1601497
1599219
1598829
1592822
1531178
1519661
1459551
1453348
1225346
1231357
557206
16033
3163542
2314536
2231861
1591405
2556041
3478594
3558357
3299580
3125895
2921013
2582921
2561704
2445640
2158357
2403415
2024859
2018076
1788500
1714404
1700299
1605319
1641172
1620034
1618207
1609648
1601907
1600671
1592963
1594606
1536132
1497505
1468108
1462860
1452708
1452646
1337140
1286999
1260707
1135742
1047135
189855
1780901
1600686
1961331
1695046
3622741
2805691
2805689
2563098
2357288
2273485
2247332
2138458
2068753
2053962
2051410
2018397
1958822
1785642
1720891
1686935
1641210
1619691
1619306
1604631
1603266
1603514
1602930
1601606
1593611
1535966
1518434
1356890
1335663
1224702
1185807
1178795
542079
2949043
2938756
2903822
2798249
2732460
2599966
2550092
2426097
2406519
2344628
2246147
2223660
2140853
1811989
1753838
1659036
1647555
1615162
1609667
1601627
1596854
1561195
1549261
1420722
1363812
1361195
1357836
1354696
1324632
1278272
1267250
1267668
1261321
3401384
1619680
1459297
2036511
3536198
3388991
2922647
2474650
2713652
2380272
2247375
2163931
2159457
2094159
2089982
2034312
1848002
1816012
1779276
1742804
1742921
1658008
1642172
1604255
1592877
1451786
1446372
1434434
1372610
1361188
1332020
1298446
1281907
1215933
1212755
1197478
513600
1872649
3274649
3182163
3062939
3030166
2805119
2673763
2443532
2431777
2407636
2296919
2133753
1480271
2094819
2039461
2009974
2011180
1980212
1933189
1836788
1832387
1790265
1704685
1702596
1596459
1669360
1630439
1603949
1598800
1465092
1257840
1171741
785079
543273
424488
423422
3308324
2345424
3321440
3159007
3127794
2826507
2807269
2605560
2540521
2411388
2294578
2152226
2087036
1971851
1960293
1960268
1792464
1668061
1608162
1601526
1598611
1274434
1352258
1274424
1241698
1175349
2488057
3225889
2965659
2736433
2450350
2437843
2344632
2316062
2295140
2275811
2186211
2021723
1950298
1701123
1638623
1605638
1598707
1578802
1351304
1600533
2134304
3381719
3048596
2928538
2885124
2832747
2682529
2605015
2572089
2564038
2359254
2286511
2168745
