1757488
2071362
2427097
131222
3057375
1247597
1771876
1216896
140304
1801844
173412
113633
2795864
2065812
1208924
2239490
1754523
4526
3413294
1943319
1801915
1648311
1897870
2463180
1569030
1037608
2814923
2103419
2029291
1945137
1640728
1502608
896279
3024961
1567226
1320627
581589
173420
3570681
2686463
2489872
2465600
1761592
324020
1633948
1356530
1258223
1258218
527604
1253197
170118
1801968
1416465
2961764
2857070
2825040
2813827
2261135
1927287
1898055
1813835
1752341
1689062
1381005
1108396
225562
47006
3196098
2167647
2165281
1806502
1334884
542303
645448
1564324
2281587
2072460
1223976
2180011
2050021
1518396
1346756
3093003
2525537
2422560
2326352
2159570
1656574
1378226
644421
542006
1694211
1606283
3312659
2798421
2474521
2323803
2298799
2092107
2091923
2050804
643452
1756122
1741044
1628271
1686390
1659802
1656470
1653173
1403159
1392499
1346804
1300330
1273254
1240204
1237835
1226052
1197214
1104110
643355
643364
632240
227009
180421
2363694
2166410
1927197
1820297
1728421
1693030
1042890
270261
607929
573103
392846
1596489
2872558
2014629
1759412
1521136
1494121
391654
2067188
3478612
3190032
2787395
2710072
2764940
2308818
2222277
2167666
1751216
1266739
918410
588971
32823
2171689
2182334
3308909
3164174
1826323
2979675
2902870
2733094
2585058
2469155
2355791
2338869
1509556
2274546
2271686
2185943
2132972
2091418
2051498
2023706
1823565
1817110
1757468
1751394
1743351
1725227
1679348
1679322
1495639
1499388
1034206
1489986
1486759
1405330
1385150
1374948
1380269
1356173
1333069
1333037
1317433
1299043
1295841
1273202
1211046
1189045
1042553
742236
675825
740286
644948
641666
643583
594562
407735
396120
393331
218430
218028
30421
1744374
1751507
1650324
3050889
2476272
1924540
1754289
1745306
1496494
845379
569895
354793
360434
2591869
2347782
2104784
2059297
1753640
1749805
1653085
1390547
856992
323070
2804727
2802010
2796341
2709926
2113952
2055403
3427938
3165889
2714095
2584777
2287389
1845838
1745705
1678050
1509577
1417165
1355663
1355613
1038095
478016
268570
267396
267718
173765
121004
44269
1566855
2531800
1513288
566767
2108912
2065818
1022156
3600561
3311085
3230699
3229882
3198223
2958094
2954166
2904279
2825721
2821090
2797746
2716722
2671896
2613351
2471197
2389601
2236785
2276757
2272637
2171893
2161391
2159602
2118123
2109868
2107053
2104798
2096587
2092072
2091365
2091513
2091307
2059286
2036281
2030564
2028832
2001340
1983543
1906820
1800709
1781601
1772688
1754118
1751116
1709432
1703458
1694537
1692604
1646306
1616586
1585424
1559221
1550251
1546815
1518180
1518070
1496899
1493661
1477775
1475379
1451240
1429494
1429536
1394547
1372616
1372511
1332754
1325017
1308494
1263722
1236784
1235091
1220812
1201908
1186142
997981
981755
918348
850852
845307
845292
697949
663834
589272
396693
392189
359901
296038
170730
169503
36985
2801674
2795734
2309169
2174510
2157456
2091460
2067135
2051820
2020879
1982364
1768557
1538409
1374355
1287462
851557
499541
322705
3265178
3208357
2546716
2502207
2273275
2271921
2272167
2222498
2165697
1999282
1901504
1734059
1656396
295921
2878262
3085747
3061512
2434609
2103388
977735
3382095
1149488
2846900
2806904
2628443
2584930
2157972
1973343
1726387
1682214
1596115
1033548
459648
577589
2542676
2164199
2842087
1769176
1273853
3505951
3322459
3309819
3185660
3182640
3166049
3162431
3109645
3086347
2819450
2814700
2802624
2782713
2763575
2757032
2712214
2711740
2673586
2567712
2549316
2526094
2442965
2381630
2287804
2357092
2293166
2290655
2282883
2281203
2265922
2245152
2207585
2188592
2178950
