1780665
1776165
1633480
1452069
3202152
2374140
1623928
1951502
1804725
1801643
1798810
1801622
2365667
1656775
1233102
2001719
1458861
1570108
1445327
1340383
1197322
1718102
1533248
1356232
1351639
3630115
2908632
2275192
2002018
1983782
1733940
1472506
1424705
1409590
1440295
3235219
1907366
1809563
1651817
1441534
1804707
1697757
1581009
3602483
3191515
2410775
2169007
1652214
1590603
1454187
1441572
1244952
1553790
436691
1691384
1298134
1286675
3436951
2809389
2701545
2342372
2016379
1827920
1617876
1489064
1358370
1317289
1283280
1254162
1238920
1012418
962636
2354265
1904162
1290621
1286390
2254417
2203273
2188788
1898782
1822835
1772534
1706743
1658576
1642446
1640346
1533777
1464353
1423910
1331354
1267685
1260910
909009
606886
307546
228695
3617901
3187541
3088891
3019644
2536862
2079695
2045031
1915388
1904992
1901298
1787579
1775678
1765302
1704512
1633913
1609330
1554362
1549427
1540935
1421782
1370296
1326018
1222254
1039086
833409
504135
437361
263731
1901153
1766812
1628719
1470155
3119061
2871191
2612586
2500047
2387203
2371004
2261410
2072866
2005339
1898125
1804732
1772048
1654896
1463803
1308962
1309314
1308843
1250853
1218667
1157520
1077930
852616
873644
154879
3064229
1401157
446838
1308666
2476993
2823051
3459760
3087948
3051865
2847076
2781392
2700264
2508502
2402133
2336015
2057374
1990109
1933730
1896682
1845854
1837152
1747656
1743158
1549690
1488132
1459548
1446468
1430545
1421399
1311677
1268749
1198409
1167998
931638
860066
465611
363455
133426
1762602
3323537
2010750
1642924
1384440
1363171
1607759
1564308
32918
3356981
3343540
3276278
3013007
2643298
2496748
2354652
2043373
1994399
1916633
1797442
1766804
1758703
1727122
1701099
1690896
1659275
1630432
1556438
1451489
1446358
1331876
1073961
1061272
1043539
941638
944758
910021
692745
511906
2046761
2586185
2191862
3368149
3325265
3126965
3023949
2706478
2572692
2561517
2509250
2268413
2108449
1995720
1710483
1639508
1633598
1582274
1579711
1532347
1503981
1442582
1402319
1337140
1011621
1951335
1758783
1725242
3227448
2723402
2320600
2302365
2295656
2043828
2042471
1947752
1857869
1614131
1469214
1518653
1469137
1459526
1331610
1329442
874011
692013
197766
130491
3474529
2845614
1998441
1331916
1302025
1290439
2654898
2583512
3338512
2776820
2599990
2510023
2411255
2390183
1997793
1814544
1760515
1737875
1677085
1675918
1595152
1557483
1445589
1418737
1342934
1321581
1292268
1125202
748211
503662
78962
3376846
2323527
2323315
1595945
3611037
3440765
3361434
3070440
2845978
2829601
2816165
2808487
2704373
2686057
2610566
2494136
2434188
2352610
2313813
2163588
2095062
2011208
1822621
1809310
1698328
1791890
1755786
1746248
1742675
1667132
1661451
1512859
1480228
1470003
1468202
1381304
1354794
1232180
1236936
1001045
941772
908345
792875
539865
2971824
2538965
3454758
3294739
3258523
2759833
2596836
2496409
2226099
2008791
2074108
1994651
1814163
1804523
1753496
1747816
1735542
1680187
1670166
1634912
1609480
1481884
1445523
1391991
1364784
1285725
1257473
796122
319806
95793
100659
2210636
186813
3595952
3566181
3301376
3194252
2084893
2329481
2409349
2357992
2323253
2216871
2205669
2173221
2085026
1863874
1805221
1801826
1776200
1776079
1767704
1741126
1725834
1501581
1445355
1294484
1260574
1230190
1191588
692596
376863
1630757
3498909
3239045
3092776
3088865
3020052
2655482
2646095
2438858
2328309
2288905
2278122
2128810
2071776
2038040
1998019
1993630
1984815
1951738
1926448
1793099
1754821
1746926
1629266
1446087
1331381
1170518
3096972
2079637
3300357
3267326
3126969
3034288
3089118
2850029
2687631
2323627
