1531814
172668
3455654
1407276
1963615
1235745
162641
162520
3433594
2991609
1514387
135590
171654
2839474
2665239
2487117
1235541
1222082
1757379
1509533
2954839
2324703
2054519
1469307
1243405
1240092
1222824
1191964
542136
110708
1290480
2944818
2727212
1235392
168009
1245799
3430799
2953514
2891365
2145977
1531828
1476799
1319612
1313889
1263231
1260058
174183
73413
3349617
2970037
1667273
1430376
3302895
2995419
1368132
1285496
845136
1860487
2952392
1958249
1668924
1252389
171458
3063995
2977502
2956621
2952649
2743297
2543163
2400707
1490504
1366555
1306080
1280931
1246043
1261474
1217483
1195670
929665
411533
175551
172652
155958
154149
62811
40899
2963338
2928190
1958251
1940237
1688459
144428
1313951
3569659
2670714
823580
2336168
3576862
3328935
1392647
383914
3319126
3228295
1892834
2597080
1757993
1754572
1735683
1247082
152833
102803
1863913
2960987
2955352
2953252
2947716
2891370
2732136
2222274
2176819
1917740
1917616
1867748
1858655
1800913
1660733
1655056
1640213
1544713
1539557
1429434
1411060
1399735
1287773
1306228
1298992
1240264
1235463
1199872
1173185
1090230
518495
287582
173140
172981
164955
156172
156022
135769
117438
48130
2849929
1963618
1746644
1394099
38919
2940471
3503816
3415011
3231066
3218012
2952291
1905604
1963113
1666319
1554939
1224846
1239105
1231420
153531
172752
3068360
1994429
1284822
40467
1720970
1664423
2953682
2962446
3460366
3427472
3398106
3259143
3094924
3070846
3040096
2995728
2997573
2995629
2979061
2957962
2955638
2956481
2953988
2953029
2952601
2938838
2897327
2881429
2849631
2834633
2828179
2719603
2676806
2675302
2589686
2589266
2299416
2145355
2120466
2062583
1915568
1860372
1850773
1852835
1736335
1701253
1618176
1604837
1546782
1436253
1420104
1411352
1350604
1332852
1279882
1241955
1238868
1010956
986638
977031
862711
826043
697527
155982
512427
432910
415762
172351
169335
164904
162523
156176
155939
146887
144426
33174
30399
1214595
173526
172714
5575
1895689
3588686
3084828
3061324
2962241
2964833
2843903
2139137
2115103
2085337
1962211
1836139
1662473
1496074
1281753
839660
823886
134807
2392525
2320418
1376157
1245809
767801
2963536
3509037
3449571
3311375
3248973
3173662
3106680
3062132
3013460
3005789
2954210
2981675
2965302
2957040
2953518
2941849
2952313
2942760
2939429
2917945
2844385
2826734
2676633
2593109
2589864
2431365
2350259
2300829
2002112
1918979
1913438
1911977
1817533
1779343
1756032
1618073
1538451
1444073
1431446
1395211
1392605
1367284
1357527
1344008
1310987
1298747
1295501
1280130
1240727
1231395
1234635
1234057
1229861
1231109
1215838
1210106
1025045
962250
946903
856297
790778
734897
559633
312366
248872
174506
173293
173028
171995
149778
169535
169643
114666
166795
164777
157949
155990
156121
156064
156070
156016
156019
156021
155401
130093
128920
117009
113688
111625
111626
109956
82636
64104
38693
30996
15799
4294
3619918
3604590
3405713
3309801
3154160
3092145
2964387
2951571
2953017
2849257
2431014
2394733
2022730
1910870
1869776
1801947
1775347
1765375
1743823
1669945
112125
1579094
3526585
2966742
2956439
1892083
1212436
86743
3532753
3519479
3445243
3005740
2955658
2895611
2676438
2590524
1900116
1830507
1674222
1189747
799447
1282419
2742024
468187
3467512
3455809
3455010
3410017
3385759
3337490
3334176
3185405
3160952
3154867
3152646
172762
3089936
3076083
3069803
3059324
2996551
2996364
2991980
2960542
2954856
2954007
2953883
2953775
2953291
2951262
2923538
2930571
2903634
2882974
2879416
2869397
2849405
2847251
2788565
2750159
2565371
2547135
2430554
2312254
2299784
2276514
2239533
