1446709
1311438
1466907
1445418
1412198
1316937
1551937
1445309
1445234
1741835
1451167
1707867
1539160
1481951
1472641
1452026
1263075
1483321
1450852
1587556
1208798
1564515
1466944
2155958
1452079
1404856
1611530
1325818
2893322
1626377
1609115
1575679
1547820
1530400
1445641
1446137
1446098
1445967
1417688
1315565
1279704
1232599
1208733
1520289
1635049
1453946
1505629
1251396
2571342
1639539
1522317
1372988
1298091
1743898
1451841
2253023
2046119
1317827
1759220
1599226
1560942
1541011
1522335
1522375
1521933
1503945
1455185
1449652
1446283
1445322
1434263
1422296
1417277
1409057
1404838
1390903
1383873
1380773
1376337
1329816
1306614
1298184
1282239
1273453
1225281
1224281
1422010
1443278
1473137
1179564
1675070
1740214
1706275
1639601
1553237
1381718
1524674
1924753
1690240
1535655
1445203
1259874
1445320
1450959
1772464
1758786
1741269
1729026
1709812
1654422
1650838
1648789
1445492
1638993
1630562
1608440
1586634
1585121
1557148
1542475
1531483
1522508
1525694
1481928
1473838
1447276
1459971
1456350
1448484
1446335
1446102
1445580
1445710
1445446
1445341
1445378
1442662
1437755
1421221
1419449
1417033
1413892
1401146
1377967
1369992
1347403
1345925
1295673
1223339
1209182
1462672
1734804
1244406
1588846
1507963
1508384
2245696
1642523
1471799
1692908
1346116
2116164
1409003
1765184
1665630
1603412
1260347
1522677
1508643
1501076
1487331
1227482
1480614
1207986
1409495
3159604
2089587
2046186
2047563
2045257
1735547
1720505
1716701
1713458
1700900
1690199
1688845
1446742
1639403
1637018
1528478
1622567
1608349
1608203
1595308
1585558
1574713
1552202
1542046
1540453
1522379
1522329
1518300
1506363
1471017
1469916
1464117
1462050
1463185
1458862
1457879
1456612
1455301
1454748
1452508
1452313
1449615
1445283
1445655
1445529
1445370
1439034
1431867
1399783
1388842
1383863
1379939
1378975
1375249
1371260
1366705
1338240
1319493
1317746
1314846
1286415
1283773
1269095
1262905
1260441
1260240
1242071
1241898
1217302
1214682
1208816
1208726
1195924
517271
1429109
1392645
1473920
1249571
3448158
1797821
1652658
2159645
2053008
2043396
1605850
1624430
1610608
1587500
1568826
1575835
1445379
1259744
1719736
3181231
2252401
1562397
1729681
1662236
1630968
1601054
1585586
1228700
1575969
1555272
1522086
1526042
1510101
1502061
1495940
1473912
1445663
1445431
1445287
1376886
1311680
1588940
1491426
1472709
1547881
2325315
1834971
1424326
3558113
3000054
2399334
1446704
2278313
1170261
2050890
2042439
1725980
1725021
1722170
1719387
1707099
1701196
1676989
1668958
1664236
1656951
1639545
1636812
1605046
1598237
1588036
1576055
1560354
1539210
1538969
1535756
1524338
1522107
1522321
1522316
1521859
1513529
1504767
1504317
1495484
1489896
1485481
1452125
1466070
1464635
1456528
1460215
1459256
1458520
1454208
1452072
1452038
1447834
1445891
1445840
1446014
1445825
1445382
1445272
1443375
1442506
1438997
1438617
1427829
1426097
1247535
1421648
1415507
1408225
1410817
1409110
1402612
1400319
1390112
1390377
1386456
1381889
1375128
1372180
1342030
1338597
1333293
1333380
1330348
1322206
1318677
1318278
1317804
1316118
1315831
1296884
1294886
1290374
1286337
1278034
1276330
1267898
1260353
1260082
1260060
1247863
1248108
1243522
1230042
1228191
1224485
1216454
1212479
1214883
1214497
1207821
1194764
403512
2041323
1312660
1391760
1256827
1741317
1533415
1701971
1588112
1455462
1377917
1355761
1377099
2391631
1260044
2154029
2042705
1639531
1766627
1735317
1715110
1708675
1623464
1619807
1482449
1588480
1528958
1450887
1445697
1413604
1315836
1312267
1292811
