1573787
2043959
1451167
1719736
1587556
1208798
1601156
1368347
1292401
1551937
1446709
3225920
2431216
1443278
1265452
1311438
1825230
1924753
1690240
1535655
1445203
1259874
2041323
1741835
3226423
1524674
1466907
2252692
1707867
1288973
1508384
2196054
2245696
1642523
1471799
1692908
1728874
1416881
1398277
1346116
1316114
767753
2288472
2047978
2043116
1760701
1737562
1689522
1628214
1325138
1318035
1082595
996348
512549
512551
3225781
2893322
1370972
1483321
2053008
2045013
2043396
1445418
1210479
1470138
1605850
1624430
1610608
1587500
1568826
1575835
1512594
1439595
1432756
1445379
1259744
1469863
2155958
1924978
1688535
1598655
1595638
1292351
1391760
1412198
1207044
1199512
1201905
2059750
2042838
2045929
2042691
1639539
1522317
1389615
1372988
1298091
3089949
2253023
2046119
1256827
1741317
1533415
1769594
1701971
1588112
1455462
1377917
1355761
1319264
3225829
2718566
1275255
1822878
1746479
1539160
1481951
1472641
1452026
1430882
1427927
1427533
1422058
1415234
1389791
1327666
1327657
1280024
1263075
1202378
1202385
733165
1798875
1445309
1445234
1316937
1225399
553410
1469862
2427056
1621820
1879869
1663005
1647601
1630366
1583428
1508928
1487066
1459852
1464417
1403347
1431094
1405554
1274760
2044315
1466944
1429109
1322549
2901121
2304884
2009571
1773045
1740214
1706275
1669114
1663613
1639601
1553237
1381718
1276127
1218933
1505629
3156557
2378824
2196731
2011824
1819665
1626377
1609115
1575679
1547820
1379034
1530400
1511809
1480853
1472297
1445641
1446137
1446098
1445967
1440225
1433248
1417688
1332266
1315565
1285848
1279704
1272124
1248217
1232599
1232155
1208733
1197248
701323
2946004
1375656
1916770
1876506
1707094
1676227
1670825
1488881
1475536
1441534
1454026
1338618
1294597
1279167
1830367
1660919
2709547
2200245
2159373
2058292
2047256
1564515
1537783
1520289
1450852
1293478
2116164
1929515
1409003
1765184
1665630
1603412
1602190
1260347
1522677
1508643
1501076
1487331
1475850
1471285
1293809
1227482
1206736
3225214
2047766
1557259
1404856
2040829
2017574
1612504
1576973
1469860
1324826
2391631
2246189
1679641
1662570
1635049
1611530
1467920
1452079
1436513
1383173
1376444
1325818
1275806
1248340
3229083
2411989
2044649
1834224
1759220
1696764
1688464
1686697
1683884
1657043
1639602
1599226
1606736
1604006
1560942
1541011
1522335
1522375
1521933
1503945
1477288
1474989
1455185
1449652
1446283
1445322
1434263
1422296
1407485
1417277
1409057
1404838
1390903
1389896
1383873
1380773
1376592
1376337
1329816
1324124
1306614
1319632
1317254
1317375
1306228
1298184
1282239
1273453
1241545
1225281
1224281
1221966
1220553
1214944
1204490
1201457
1196994
1084627
451846
1451457
1780840
1380550
1470105
1582696
1514652
1475423
1299479
1828582
1462505
1453946
1307225
3227538
3181231
2718347
2705151
2252401
2136412
1562397
1326298
1808594
1643185
1729681
1697550
1662236
1630968
1601054
1585586
1228700
1575969
1555272
1522086
1535858
1526042
1513220
1510101
1502061
1495940
1480781
1473912
1462712
1445663
1445431
1445287
1376886
1316131
1311680
1195232
1547881
2169408
3226677
2248436
2226889
2136888
2093630
1834576
1763495
1563615
1495825
1504215
1453307
1388185
1330097
665122
3196703
2571342
2288719
2047180
1743898
1717971
1662323
1622217
1451841
1422010
1365952
1251396
1219192
270489
1494977
3461452
3230927
3003820
2651385
2185737
2154029
2042705
1959698
1824116
1732397
1639531
1766627
1735317
1715110
