1312102
2623179
2647483
1750648
304094
1599070
3564106
3027264
3060970
2475670
1719540
673234
3615384
2958315
186919
1058172
3492611
3080735
1711870
1027575
336229
257849
3403665
1312107
335463
57693
2867
1897229
3134222
1125790
760002
712924
253886
66844
1973067
1859100
1815861
1521291
1501490
1413764
616991
3155232
1585582
3487523
2353544
87401
2027355
1748541
1695573
1699671
1521856
308528
1813845
3353685
3240977
3165172
3062413
2745526
2339733
2316530
2052813
1864585
1688873
1560829
1344092
1001878
984682
424057
5009
1405891
3564230
2468457
2101133
1312267
3486226
3079909
2408161
2374153
2215658
2038890
2029109
1853466
1735387
1622377
1602781
1600300
1569757
1540775
1526941
1514028
1505456
1409035
1407409
1126809
569132
405666
309152
87891
14656
1494142
3183361
870781
1521804
1797845
1727790
1709985
167384
3320181
2894261
2655337
2128111
2221544
2210794
2154568
1903429
1840560
1730189
1729885
1708071
1636502
1624940
1624615
1608576
1559500
1527669
1456067
1455580
1422367
1350293
1319117
1315316
1182450
985989
969162
919940
856831
869811
821401
744240
576621
564741
457343
424512
391346
386617
362337
172463
47981
3275898
2964376
2730433
2148014
1981149
1843365
1603961
1472528
1220666
763148
1703347
3486635
3344574
3339405
3339396
3339402
3329924
3301301
3110651
3083927
2916893
2896978
2828503
2821478
2807178
2600324
2587287
2536778
2320996
2282390
2194910
2179730
1880031
1880102
1863992
1858685
1853086
1724246
1730300
1690532
1572045
1504658
1446969
1408530
1404155
1386654
1378247
1191993
1002232
997014
996237
884705
834801
742865
644475
616247
584876
511131
479605
400311
382793
378665
324595
225848
98299
89740
88795
88267
41215
307041
3487612
2895916
2069212
1695455
910090
456344
339396
1946638
3582249
3514018
3319911
3188739
3138089
3043186
2970077
2943849
2701445
2345819
2144291
2010253
1962547
1945944
1850377
1848166
1804957
1669475
1743056
1730649
1729056
1706233
1703149
1701071
1687116
1630023
1612843
1602292
1572158
1553193
1544500
1527623
1524272
1521840
1516091
1441562
1428958
1427179
1422897
1406438
1340371
1317793
1300317
1128461
1026296
1021727
1009827
965914
923602
813843
788299
728510
653733
609480
488191
438659
270333
252939
183774
163550
138444
111340
81087
2558007
485816
2897454
2548470
1823768
1815410
1402695
3621315
3573931
3344521
3331048
3248077
3091688
2995137
2986799
2960890
2947325
2923403
2894163
2339025
2335110
2240332
2168660
2117411
2111398
2100105
1858009
1730952
1717903
1712467
1710153
1699414
1630118
1625210
1622514
1571556
1571174
1511917
1504411
1501591
1501155
1490493
1446147
1440617
1428610
1418755
1402708
1402315
1360550
1331454
994261
943556
883905
653219
508687
495183
305482
454076
411956
411955
320692
281655
236521
194672
2899176
2140016
1126321
2122974
1914792
1804907
1502493
3533549
3487329
3466274
3379457
3303669
3085792
2854120
2816835
2720299
2633566
2524589
2462025
2343988
2225600
2203739
2128459
2032205
1990057
1836585
1825728
1796209
1717006
1704704
1638896
1629506
1625864
1594611
1577361
1566404
1565176
1527719
1522010
1503301
1498160
1409288
1408899
1407674
1396793
1394949
1366722
1315176
1200612
1092880
1047114
1028392
953399
862873
751396
712472
621565
549686
471081
393206
370373
267341
207939
97570
81179
29128
1312243
3330092
1856213
1778017
1090537
370627
3256701
3069528
2599038
2143990
2106026
526278
3559179
3529101
3487234
3481570
3479097
3444231
3208504
3139946
3107162
2921462
2915485
2870736
2783196
2713954
2631953
1151328
2218040
2067920
2008824
1920904
1836279
1807821
1779086
1752447
1729987
1707848
1624898
1570404
